10
20
30
40
50
60
70
80
90
100
110
120
130
140
150
160
170
180
190
200
240
250
270
280
290
300
310
320
340
360
380
460
470
500
1000
1010
1020
1030
1040
1050
1060
1070
1080
1090
1100
1110
1120
1130
1170
1180
1190
1210
1340
1500
2000
2010
2020
2030
2040
2050
2060
2070
2080
2090
2100
2110
2120
2130
2140
2150
2160
2170
2180
2200
2210
2230
2370
2500
3000
3010
3020
3030
3040
3050
3060
3070
3080
3090
3100
3110
3120
3130
3140
3150
3160
3190
3210
3220
3230
3250
3500
4000
4010
4020
4040
5000
5010
5020
5030
5040
5050
5060
5070
5080
5090
5100
5110
5120
5160
5170
5200
5330
5340
5500
6000
6010
6020
6030
6040
6050
6060
6070
6080
6090
6120
6130
6150
6500
7000
7010
7020
7030
7040
7050
7060
7070
7080
7090
7100
7110
7120
7130
7140
7150
7160
7190
7300
7310
7330
7370
7500
9600
9830
10060
10290
10520
10750
11200
11210
11220
11230
11240
11250
11260
11270
11280
11290
11400
11410
11420
11430
11440
11450
11460
11470
11480
11490
11600
11610
11620
11630
11640
11650
11660
11670
11680
11690
11800
11810
11820
11830
11840
11850
11860
11870
11880
11890
12010
12020
12030
12040
12050
12060
12070
12080
12090
12200
12220
12240
12260
12280
12340
12360
12380
12390
12400
12480
12500
12520
12530
12540
12620
12640
12660
12670
12680
12690
12700
12710
12720
12730
12740
12750
12760
12770
12780
12800
12820
12840
12860
12880
13000
13020
13040
13060
13080
13100
13120
13140
13160
13210
14000
14020
14040
14060
14080
14100
14120
14140
14160
14180
14200
14220
14500
14520
14540
14560
14570
14580
14590
14600
14610
15000
15020
15040
15060
15080
15100
15120
15140
15160
15180
15200
15220
15370
15390
15410
15430
15440
15450
16000
16020
16040
16060
16080
16100
16120
16140
16160
16180
16200
16220
16500
16520
16540
16560
16570
16580
16590
16600
16610
17000
17020
17040
17060
17080
17100
17120
17140
17160
17180
17200
17220
17500
17520
17540
17560
17570
17580
17590
17600
18000
18010
18020
18030
18040
18050
18060
18070
18080
18090
18100
19290
19490
19690
19890
20000
20250
20500
20750
20760
20770
20780
20790
20800
20810
20820
20830
20840
20850
20860
20870
20880
20890
20900
20910
20920
20930
20940
20950
21000
21010
21020
21030
21040
21050
21060
21070
21080
21090
21200
21210
21230
21250
21270
21290
21310
21330
21350
21370
21390
21500
21510
21520
21530
21540
21550
23000
23010
23020
23030
23050
23060
23070
23080
81000
81250
81300
81550
81560
